%YAML:1.0
---
model_type: PINHOLE
camera_name: camera
image_width: 752
image_height: 480
distortion_parameters:
   k1: -0.0016842880736274728
   k2: 0.02374412479892617
   p1: -0.039502052417323796
   p2: 0.024582453432079283
projection_parameters:
   fx: 466.486737451779
   fy: 466.27267841190195
   cx: 379.68465173030546
   cy: 257.33932810161855
