%YAML:1.0
---
model_type: PINHOLE
camera_name: camera
image_width: 752
image_height: 480
distortion_parameters:
   k1: -0.0023009753860004133
   k2: 0.02599178220414023
   p1: -0.03518910997362568
   p2: 0.017040727106435102
projection_parameters:
   fx: 469.8957320478849
   fy: 469.6760441992074
   cx: 372.26584419673225
   cy: 227.67992150270152
