%YAML:1.0
---
model_type: KANNALA_BRANDT
camera_name: camera
image_width: 720
image_height: 540
projection_parameters:
   k2: -0.03904860531766323
   k3: -0.006424075250487669
   k4: 0.007928175454875357
   k5: -0.003965755247671045
   mu: 345.50726595459037
   mv: 345.52944376984385
   u0: 384.6710699000056
   v0: 222.47514999171358
