%YAML:1.0
---
model_type: KANNALA_BRANDT
camera_name: camera
image_width: 720
image_height: 540
projection_parameters:
   k2: -0.0388247077080602
   k3: -0.0009867282826094023
   k4: -0.002725472617129053
   k5: 0.0010406518005913953
   mu: 346.52716130250417
   mv: 346.64151193384913
   u0: 337.2342674163291
   v0: 274.954117669089
